0.000000 0.000000 0.000000
0.031348 0.000000 0.000000
0.062696 0.000000 0.000000
0.094044 0.000000 0.000000
0.125392 0.000000 0.000000
0.156740 0.000000 0.000000
0.188088 0.000000 0.000000
0.219436 0.000000 0.000000
0.250784 0.000000 0.000000
0.282132 0.000000 0.000000
0.313480 0.000000 0.000000
0.344828 0.000000 0.000000
0.376176 0.000000 0.000000
0.407524 0.000000 0.000000
0.438871 0.000000 0.000000
0.470219 0.000000 0.000000
0.501567 0.000000 0.000000
0.532915 0.000000 0.000000
0.564263 0.000000 0.000000
0.595611 0.000000 0.000000
0.626959 0.000000 0.000000
0.658307 0.000000 0.000000
0.689655 0.000000 0.000000
0.721003 0.000000 0.000000
0.752351 0.000000 0.000000
0.783699 0.000000 0.000000
0.815047 0.000000 0.000000
0.846395 0.000000 0.000000
0.877743 0.000000 0.000000
0.909091 0.000000 0.000000
0.940439 0.000000 0.000000
0.971787 0.000000 0.000000
1.003135 0.000000 0.000000
1.034483 0.000000 0.000000
1.065831 0.000000 0.000000
1.097179 0.000000 0.000000
1.128527 0.000000 0.000000
1.159875 0.000000 0.000000
1.191223 0.000000 0.000000
1.222571 0.000000 0.000000
1.253918 0.000000 0.000000
1.285266 0.000000 0.000000
1.316614 0.000000 0.000000
1.347962 0.000000 0.000000
1.379310 0.000000 0.000000
1.410658 0.000000 0.000000
1.442006 0.000000 0.000000
1.473354 0.000000 0.000000
1.504702 0.000000 0.000000
1.536050 0.000000 0.000000
1.567398 0.000000 0.000000
1.598746 0.000000 0.000000
1.630094 0.000000 0.000000
1.661442 0.000000 0.000000
1.692790 0.000000 0.000000
1.724138 0.000000 0.000000
1.755486 0.000000 0.000000
1.786834 0.000000 0.000000
1.818182 0.000000 0.000000
1.849530 0.000000 0.000000
1.880878 0.000000 0.000000
1.912226 0.000000 0.000000
1.943574 0.000000 0.000000
1.974922 0.000000 0.000000
2.006270 0.000000 0.000000
2.037618 0.000000 0.000000
2.068966 0.000000 0.000000
2.100313 0.000000 0.000000
2.131661 0.000000 0.000000
2.163009 0.000000 0.000000
2.194357 0.000000 0.000000
2.225705 0.000000 0.000000
2.257053 0.000000 0.000000
2.288401 0.000000 0.000000
2.319749 0.000000 0.000000
2.351097 0.000000 0.000000
2.382445 0.000000 0.000000
2.413793 0.000000 0.000000
2.445141 0.000000 0.000000
2.476489 0.000000 0.000000
2.507837 0.000000 0.000000
2.539185 0.000000 0.000000
2.570533 0.000000 0.000000
2.601881 0.000000 0.000000
2.633229 0.000000 0.000000
2.664577 0.000000 0.000000
2.695925 0.000000 0.000000
2.727273 0.000000 0.000000
2.758621 0.000000 0.000000
2.789969 0.000000 0.000000
2.821317 0.000000 0.000000
2.852665 0.000000 0.000000
2.884013 0.000000 0.000000
2.915361 0.000000 0.000000
2.946708 0.000000 0.000000
2.978056 0.000000 0.000000
3.009404 0.000000 0.000000
3.040752 0.000000 0.000000
3.072100 0.000000 0.000000
3.103448 0.000000 0.000000
3.134796 0.000744 0.256265
3.166144 0.009049 0.273997
3.197492 0.017926 0.292438
3.228840 0.027348 0.309022
3.260188 0.037305 0.325881
3.291536 0.047797 0.344531
3.322884 0.058842 0.359926
3.354232 0.070469 0.379617
3.385580 0.082603 0.394249
3.416928 0.095173 0.407599
3.448276 0.108167 0.420258
3.479624 0.121491 0.429480
3.510972 0.135063 0.435866
3.542320 0.148963 0.448282
3.573668 0.163021 0.448195
3.605016 0.177017 0.444146
3.636364 0.190829 0.437426
3.667712 0.204383 0.425491
3.699060 0.217438 0.406650
3.730408 0.229814 0.382164
3.761755 0.241333 0.351944
3.793103 0.251815 0.315986
3.824451 0.261082 0.274398
3.855799 0.269027 0.231354
3.887147 0.275612 0.185777
3.918495 0.280584 0.131397
3.949843 0.283858 0.075724
3.981191 0.285314 0.018173
4.012539 0.284926 -0.042686
4.043887 0.282662 -0.098848
4.075235 0.278634 -0.157878
4.106583 0.272828 -0.212415
4.137931 0.265339 -0.264855
4.169279 0.256332 -0.307736
4.200627 0.246023 -0.349406
4.231975 0.234492 -0.385418
4.263323 0.221932 -0.415027
4.294671 0.208548 -0.437414
4.326019 0.194575 -0.453570
4.357367 0.180178 -0.464091
4.388715 0.165544 -0.469002
4.420063 0.150953 -0.463939
4.451411 0.136485 -0.458569
4.482759 0.122258 -0.447871
4.514107 0.108411 -0.433923
4.545455 0.095055 -0.418203
4.576803 0.082238 -0.393955
4.608150 0.070344 -0.363243
4.639498 0.059263 -0.343167
4.670846 0.048868 -0.314290
4.702194 0.039375 -0.290749
4.733542 0.030571 -0.271627
4.764890 0.022761 -0.234490
4.796238 0.016177 -0.184836
4.827586 0.010758 -0.152955
4.858934 0.006253 -0.134763
4.890282 0.002593 -0.103317
4.921630 0.000000 0.000000
4.952978 0.000000 0.000000
4.984326 0.000000 0.000000
5.015674 0.000000 0.000000
5.047022 0.000000 0.000000
5.078370 0.000004 0.086362
5.109718 0.003032 0.107572
5.141066 0.006961 0.136944
5.172414 0.011645 0.169093
5.203762 0.017263 0.187825
5.235110 0.024027 0.236735
5.266458 0.031980 0.275274
5.297806 0.040900 0.296178
5.329154 0.050526 0.319367
5.360502 0.061041 0.346528
5.391850 0.072226 0.367440
5.423197 0.084297 0.401834
5.454545 0.097222 0.420892
5.485893 0.110655 0.436622
5.517241 0.124568 0.449711
5.548589 0.138843 0.459686
5.579937 0.153335 0.464330
5.611285 0.167938 0.468859
5.642633 0.182547 0.462792
5.673981 0.196888 0.451331
5.705329 0.210776 0.434427
5.736677 0.224042 0.410717
5.768025 0.236451 0.380062
5.799373 0.247798 0.343082
5.830721 0.257921 0.302961
5.862069 0.266706 0.256710
5.893417 0.273930 0.203562
5.924765 0.279456 0.148515
5.956113 0.283189 0.089899
5.987461 0.285157 0.032923
6.018809 0.285239 -0.027648
6.050157 0.283486 -0.085513
6.081505 0.279962 -0.139867
6.112853 0.274721 -0.193260
6.144201 0.267920 -0.238461
6.175549 0.259751 -0.281287
6.206897 0.250277 -0.322150
6.238245 0.239617 -0.357189
6.269592 0.227948 -0.386484
6.300940 0.215451 -0.410057
6.332288 0.202302 -0.428216
6.363636 0.188708 -0.438592
6.394984 0.174860 -0.445120
6.426332 0.160845 -0.448457
6.457680 0.146787 -0.448234
6.489028 0.132930 -0.435036
6.520376 0.119392 -0.428173
6.551724 0.106115 -0.418559
6.583072 0.093182 -0.405390
6.614420 0.080680 -0.391989
6.645768 0.068620 -0.377258
6.677116 0.057081 -0.357337
6.708464 0.046117 -0.341853
6.739812 0.035712 -0.323275
6.771160 0.025839 -0.306202
6.802508 0.016499 -0.289809
6.833856 0.007708 -0.271582
6.865204 0.000000 0.000000
6.896552 0.000000 0.000000
6.927900 0.000000 0.000000
6.959248 0.000000 0.000000
6.990596 0.000000 0.000000
7.021944 0.000000 0.000000
7.053292 0.000000 0.000000
7.084639 0.000000 0.000000
7.115987 0.000000 0.000000
7.147335 0.000000 0.000000
7.178683 0.000000 0.000000
7.210031 0.000000 0.000000
7.241379 0.000000 0.000000
7.272727 0.000000 0.000000
7.304075 0.000000 0.000000
7.335423 0.000000 0.000000
7.366771 0.000000 0.000000
7.398119 0.000000 0.000000
7.429467 0.000000 0.000000
7.460815 0.000000 0.000000
7.492163 0.000000 0.000000
7.523511 0.000000 0.000000
7.554859 0.000000 0.000000
7.586207 0.000000 0.000000
7.617555 0.000000 0.000000
7.648903 0.000000 0.000000
7.680251 0.000000 0.000000
7.711599 0.000000 0.000000
7.742947 0.000000 0.000000
7.774295 0.000000 0.000000
7.805643 0.000000 0.000000
7.836991 0.000000 0.000000
7.868339 0.000000 0.000000
7.899687 0.000000 0.000000
7.931034 0.000000 0.000000
7.962382 0.000000 0.000000
7.993730 0.000000 0.000000
8.025078 0.000000 0.000000
8.056426 0.000000 0.000000
8.087774 0.000000 0.000000
8.119122 0.000000 0.000000
8.150470 0.000000 0.000000
8.181818 0.000000 0.000000
8.213166 0.000000 0.000000
8.244514 0.000000 0.000000
8.275862 0.000000 0.000000
8.307210 0.000000 0.000000
8.338558 0.000000 0.000000
8.369906 0.000000 0.000000
8.401254 0.000000 0.000000
8.432602 0.000000 0.000000
8.463950 0.000000 0.000000
8.495298 0.000000 0.000000
8.526646 0.000000 0.000000
8.557994 0.000000 0.000000
8.589342 0.000000 0.000000
8.620690 0.000000 0.000000
8.652038 0.000000 0.000000
8.683386 0.000000 0.000000
8.714734 0.000000 0.000000
8.746082 0.000000 0.000000
8.777429 0.000000 0.000000
8.808777 0.000000 0.000000
8.840125 0.000000 0.000000
8.871473 0.000000 0.000000
8.902821 0.000000 0.000000
8.934169 0.000000 0.000000
8.965517 0.000000 0.000000
8.996865 0.000000 0.000000
9.028213 0.000000 0.000000
9.059561 0.000000 0.000000
9.090909 0.000000 0.000000
9.122257 0.000000 0.000000
9.153605 0.000000 0.000000
9.184953 0.000000 0.000000
9.216301 0.000000 0.000000
9.247649 0.000000 0.000000
9.278997 0.000000 0.000000
9.310345 0.000000 0.000000
9.341693 0.000000 0.000000
9.373041 0.000000 0.000000
9.404389 0.000000 0.000000
9.435737 0.000000 0.000000
9.467085 0.000000 0.000000
9.498433 0.000000 0.000000
9.529781 0.000000 0.000000
9.561129 0.000000 0.000000
9.592476 0.000000 0.000000
9.623824 0.000000 0.000000
9.655172 0.000000 0.000000
9.686520 0.000000 0.000000
9.717868 0.000000 0.000000
9.749216 0.000000 0.000000
9.780564 0.000000 0.000000
9.811912 0.000000 0.000000
9.843260 0.000000 0.000000
9.874608 0.000000 0.000000
9.905956 0.000000 0.000000
9.937304 0.000000 0.000000
9.968652 0.000000 0.000000
10.000000 0.000000 0.000000
