0.000000 0.000000 0.000000
0.031348 0.000000 0.000000
0.062696 0.000000 0.000000
0.094044 0.000000 0.000000
0.125392 0.000000 0.000000
0.156740 0.000000 0.000000
0.188088 0.000000 0.000000
0.219436 0.000000 0.000000
0.250784 0.000000 0.000000
0.282132 0.000000 0.000000
0.313480 0.000000 0.000000
0.344828 0.000000 0.000000
0.376176 0.000000 0.000000
0.407524 0.000000 0.000000
0.438871 0.000000 0.000000
0.470219 0.000000 0.000000
0.501567 0.000000 0.000000
0.532915 0.000000 0.000000
0.564263 0.000000 0.000000
0.595611 0.000000 0.000000
0.626959 0.000000 0.000000
0.658307 0.000000 0.000000
0.689655 0.000000 0.000000
0.721003 0.000000 0.000000
0.752351 0.000000 0.000000
0.783699 0.000000 0.000000
0.815047 0.000000 0.000000
0.846395 0.000000 0.000000
0.877743 0.000000 0.000000
0.909091 0.000000 0.000000
0.940439 0.000000 0.000000
0.971787 0.000000 0.000000
1.003135 0.000000 0.000000
1.034483 0.000000 0.000000
1.065831 0.000000 0.000000
1.097179 0.000000 0.000000
1.128527 0.000000 0.000000
1.159875 0.000000 0.000000
1.191223 0.000000 0.000000
1.222571 0.000000 0.000000
1.253918 0.000000 0.000000
1.285266 0.000000 0.000000
1.316614 0.000000 0.000000
1.347962 0.000000 0.000000
1.379310 0.000000 0.000000
1.410658 0.000000 0.000000
1.442006 0.000000 0.000000
1.473354 0.000000 0.000000
1.504702 0.000000 0.000000
1.536050 0.000000 0.000000
1.567398 0.000000 0.000000
1.598746 0.000000 0.000000
1.630094 0.000000 0.000000
1.661442 0.000000 0.000000
1.692790 0.000000 0.000000
1.724138 0.000000 0.000000
1.755486 0.000000 0.000000
1.786834 0.000000 0.000000
1.818182 0.000000 0.000000
1.849530 0.000000 0.000000
1.880878 0.000000 0.000000
1.912226 0.000000 0.000000
1.943574 0.000000 0.000000
1.974922 0.000000 0.000000
2.006270 0.000000 0.000000
2.037618 0.000000 0.000000
2.068966 0.000000 0.000000
2.100313 0.000000 0.000000
2.131661 0.000000 0.000000
2.163009 0.000000 0.000000
2.194357 0.000000 0.000000
2.225705 0.000000 0.000000
2.257053 0.000000 0.000000
2.288401 0.000000 0.000000
2.319749 0.000000 0.000000
2.351097 0.000000 0.000000
2.382445 0.000000 0.000000
2.413793 0.000000 0.000000
2.445141 0.000000 0.000000
2.476489 0.000000 0.000000
2.507837 0.000000 0.000000
2.539185 0.000000 0.000000
2.570533 0.000000 0.000000
2.601881 0.000000 0.000000
2.633229 0.000000 0.000000
2.664577 0.000000 0.000000
2.695925 0.000000 0.000000
2.727273 0.000000 0.000000
2.758621 0.000000 0.000000
2.789969 0.000000 0.000000
2.821317 0.000000 0.000000
2.852665 0.000000 0.000000
2.884013 0.000000 0.000000
2.915361 0.000000 0.000000
2.946708 0.000000 0.000000
2.978056 0.000000 0.000000
3.009404 0.000000 0.000000
3.040752 0.000000 0.000000
3.072100 0.000000 0.000000
3.103448 0.000000 0.000000
3.134796 0.000000 0.000000
3.166144 0.000000 0.000000
3.197492 0.000000 0.000000
3.228840 0.000000 0.000000
3.260188 0.000000 0.000000
3.291536 0.000000 0.000000
3.322884 0.000000 0.000000
3.354232 0.000000 0.000000
3.385580 0.000000 0.000000
3.416928 0.002744 0.400122
3.448276 0.017013 0.511651
3.479624 0.034836 0.625752
3.510972 0.056435 0.752098
3.542320 0.081903 0.873492
3.573668 0.111301 1.002935
3.605016 0.144777 1.136637
3.636364 0.182543 1.273993
3.667712 0.224660 1.411214
3.699060 0.271159 1.552243
3.730408 0.321844 1.685858
3.761755 0.376635 1.811036
3.793103 0.435256 1.948380
3.824451 0.498071 2.054520
3.855799 0.563691 2.123268
3.887147 0.631070 2.176541
3.918495 0.699301 2.172802
3.949843 0.767031 2.139640
3.981191 0.832912 2.054667
4.012539 0.895279 1.918551
4.043887 0.952765 1.737558
4.075235 1.003521 1.493759
4.106583 1.045811 1.197717
4.137931 1.078187 0.866303
4.169279 1.099549 0.492489
4.200627 1.108743 0.093687
4.231975 1.105587 -0.290964
4.263323 1.090167 -0.693035
4.294671 1.062613 -1.062136
4.326019 1.024016 -1.398659
4.357367 0.975479 -1.690625
4.388715 0.918655 -1.927172
4.420063 0.855649 -2.082322
4.451411 0.788647 -2.172559
4.482759 0.719994 -2.205376
4.514107 0.651002 -2.190489
4.545455 0.583181 -2.130979
4.576803 0.518035 -2.022080
4.608150 0.457145 -1.871375
4.639498 0.400896 -1.714737
4.670846 0.349998 -1.534087
4.702194 0.304794 -1.348211
4.733542 0.265520 -1.159675
4.764890 0.232258 -0.961851
4.796238 0.205003 -0.777139
4.827586 0.183673 -0.587088
4.858934 0.168200 -0.403394
4.890282 0.158334 -0.226486
4.921630 0.153983 -0.051200
4.952978 0.155120 0.123735
4.984326 0.161750 0.299515
5.015674 0.173919 0.477244
5.047022 0.191742 0.661957
5.078370 0.215482 0.853687
5.109718 0.245187 1.043730
5.141066 0.280931 1.236294
5.172414 0.322674 1.424692
5.203762 0.370266 1.607992
5.235110 0.423499 1.781781
5.266458 0.481714 1.928955
5.297806 0.544393 2.070516
5.329154 0.610781 2.160935
5.360502 0.679260 2.202031
5.391850 0.748316 2.194796
5.423197 0.816596 2.155313
5.454545 0.882219 2.030564
5.485893 0.943020 1.835802
5.517241 0.996616 1.576786
5.548589 1.041217 1.261380
5.579937 1.075403 0.914158
5.611285 1.098100 0.526697
5.642633 1.108449 0.138329
5.673981 1.106595 -0.259474
5.705329 1.092262 -0.650140
5.736677 1.066208 -1.002639
5.768025 1.029609 -1.326092
5.799373 0.983614 -1.600524
5.830721 0.929841 -1.821249
5.862069 0.870205 -1.980029
5.893417 0.806189 -2.097473
5.924765 0.739369 -2.160588
5.956113 0.671335 -2.178358
5.987461 0.603195 -2.163022
6.018809 0.536433 -2.102330
6.050157 0.471907 -2.012582
6.081505 0.410744 -1.870146
6.112853 0.353761 -1.760370
6.144201 0.300580 -1.632681
6.175549 0.251584 -1.495369
6.206897 0.206951 -1.355459
6.238245 0.166662 -1.214357
6.269592 0.130725 -1.076761
6.300940 0.098966 -0.947710
6.332288 0.071237 -0.822652
6.363636 0.047340 -0.703194
6.394984 0.027322 -0.578329
6.426332 0.010989 -0.464062
6.457680 0.000000 0.000000
6.489028 0.000000 0.000000
6.520376 0.000000 0.000000
6.551724 0.000000 0.000000
6.583072 0.000000 0.000000
6.614420 0.000000 0.000000
6.645768 0.000000 0.000000
6.677116 0.000000 0.000000
6.708464 0.000000 0.000000
6.739812 0.000000 0.000000
6.771160 0.000000 0.000000
6.802508 0.000000 0.000000
6.833856 0.000000 0.000000
6.865204 0.000000 0.000000
6.896552 0.000000 0.000000
6.927900 0.000000 0.000000
6.959248 0.000000 0.000000
6.990596 0.000000 0.000000
7.021944 0.000000 0.000000
7.053292 0.000000 0.000000
7.084639 0.000000 0.000000
7.115987 0.000000 0.000000
7.147335 0.000000 0.000000
7.178683 0.000000 0.000000
7.210031 0.000000 0.000000
7.241379 0.000000 0.000000
7.272727 0.000000 0.000000
7.304075 0.000000 0.000000
7.335423 0.000000 0.000000
7.366771 0.000000 0.000000
7.398119 0.000000 0.000000
7.429467 0.000000 0.000000
7.460815 0.000000 0.000000
7.492163 0.000000 0.000000
7.523511 0.000000 0.000000
7.554859 0.000000 0.000000
7.586207 0.000000 0.000000
7.617555 0.000000 0.000000
7.648903 0.000000 0.000000
7.680251 0.000000 0.000000
7.711599 0.000000 0.000000
7.742947 0.000000 0.000000
7.774295 0.000000 0.000000
7.805643 0.000000 0.000000
7.836991 0.000000 0.000000
7.868339 0.000000 0.000000
7.899687 0.000000 0.000000
7.931034 0.000000 0.000000
7.962382 0.000000 0.000000
7.993730 0.000000 0.000000
8.025078 0.000000 0.000000
8.056426 0.000000 0.000000
8.087774 0.000000 0.000000
8.119122 0.000000 0.000000
8.150470 0.000000 0.000000
8.181818 0.000000 0.000000
8.213166 0.000000 0.000000
8.244514 0.000000 0.000000
8.275862 0.000000 0.000000
8.307210 0.000000 0.000000
8.338558 0.000000 0.000000
8.369906 0.000000 0.000000
8.401254 0.000000 0.000000
8.432602 0.000000 0.000000
8.463950 0.000000 0.000000
8.495298 0.000000 0.000000
8.526646 0.000000 0.000000
8.557994 0.000000 0.000000
8.589342 0.000000 0.000000
8.620690 0.000000 0.000000
8.652038 0.000000 0.000000
8.683386 0.000000 0.000000
8.714734 0.000000 0.000000
8.746082 0.000000 0.000000
8.777429 0.000000 0.000000
8.808777 0.000000 0.000000
8.840125 0.000000 0.000000
8.871473 0.000000 0.000000
8.902821 0.000000 0.000000
8.934169 0.000000 0.000000
8.965517 0.000000 0.000000
8.996865 0.000000 0.000000
9.028213 0.000000 0.000000
9.059561 0.000000 0.000000
9.090909 0.000000 0.000000
9.122257 0.000000 0.000000
9.153605 0.000000 0.000000
9.184953 0.000000 0.000000
9.216301 0.000000 0.000000
9.247649 0.000000 0.000000
9.278997 0.000000 0.000000
9.310345 0.000000 0.000000
9.341693 0.000000 0.000000
9.373041 0.000000 0.000000
9.404389 0.000000 0.000000
9.435737 0.000000 0.000000
9.467085 0.000000 0.000000
9.498433 0.000000 0.000000
9.529781 0.000000 0.000000
9.561129 0.000000 0.000000
9.592476 0.000000 0.000000
9.623824 0.000000 0.000000
9.655172 0.000000 0.000000
9.686520 0.000000 0.000000
9.717868 0.000000 0.000000
9.749216 0.000000 0.000000
9.780564 0.000000 0.000000
9.811912 0.000000 0.000000
9.843260 0.000000 0.000000
9.874608 0.000000 0.000000
9.905956 0.000000 0.000000
9.937304 0.000000 0.000000
9.968652 0.000000 0.000000
10.000000 0.000000 0.000000
